Mykolaiv 46.97503 31.99458 494922
Ochakiv 46.61876 31.53879 14566
Yuzhne 46.62402 31.10006 31796
Odessa 46.48252 30.7233 1017022
Yuzhnoukrainsk 47.82276 31.18408 40378
Uman 48.74939 30.22144 86621
Vinnytsia 49.23308 28.46821 372116
Lviv 49.83968 24.02971 729038
Bila Tserkva 49.79679 30.13108 211205
Kyiv 50.4501 30.5234 2868702
Chernihiv 51.4982 31.28935 295670
Sumy 50.9077 34.7981 268874
Kharkiv 49.9935 36.23038 1451132
Poltava 49.58826 34.55141 295950
Kremenchuk 49.06578 33.41003 225828
Dnipro 48.46471 35.04618 993094
Kryvyi Rih 47.91048 33.39178 652137
Zaporizhzhia 47.8388 35.13956 766268
Nova Kakhovka 46.75152 33.36782 47638
Kherson 46.63541 32.61686 297593
Nova Kakhovka - Kherson 58.8 84.9 78.8; 76.9; 117
Kherson - Nova Kakhovka 58.8 79 85.4; 73.5 77 94.6; 117
Kherson - Mykolaiv 60.6 71.2; 89.7 90.7 91.3; 55 63 60
Mykolaiv - Kherson 60.6 68.6; 89.7 90.7 91.3; 55 63 60
Mykolaiv - Ochakiv 52.7 60; 59.7
Ochakiv - Mykolaiv 52.7 60.2; 59.8
Ochakiv - Yuzhne 33.5 96.6; 74.3 96.4
Yuzhne - Ochakiv 33.5 96.4; 74.3
Yuzhne - Odessa 32.9 46.4 53.1; 46.3
Odessa - Yuzhne 32.9 47 53.8; 46.3
Odessa - Yuzhnoukrainsk 153 182 245 253; 178 182 192; 198 193 213 217 219 208 202 210 221 212 220
Yuzhnoukrainsk - Odessa 153 174 248 252; 178 182 215; 198 193 213 217 219 208 202 210 221 212 220
Yuzhnoukrainsk - Uman 125 156 168 181; 147 153; 388
Uman - Yuzhnoukrainsk 125 156; 147 150 158; 388
Uman - Vinnytsia 139 160 174 206; 158 157 171; 192 189
Vinnytsia - Uman 139 160 175 206; 158 157 171; 192 189
Vinnytsia - Lviv 328 365; 360 461 475; 406 409
Lviv - Vinnytsia 328 363; 360 461; 406 409
Lviv - Bila Tserkva 438 547; 480 483 503; 536
Bila Tserkva - Lviv 438 523; 480 483; 536
Bila Tserkva - Kyiv 77.9 85.5 106; 86 92.1; 97 102 99 96 90 106 114
Kyiv - Bila Tserkva 77.9 86.5; 85.9; 97 102 99 96 90 106 114
Kyiv - Chernihiv 128 142 154; 144 148 171; 209 207 222 216 201 198
Chernihiv - Kyiv 128 141 154; 142; 209 207 222 216 201 198
Chernihiv - Sumy 253 307 297 340; 288 296 298; 307 312
Sumy - Chernihiv 253 306 339 297; 287 295 298; 307 312
Sumy - Kharkiv 144 184 180; 175 186; 195 199 200 202 199
Kharkiv - Sumy 144 184 193 179; 175 186; 195 199 200 202 199
Kharkiv - Poltava 129 143 180; 143 153 171; 158 162 163 165
Poltava - Kharkiv 129 143 182 170; 143 171; 158 162 163 165
Poltava - Kremenchuk 101 113 125; 113 120 134; 137 119
Kremenchuk - Poltava 101 113; 113 120 134; 137 119
Kremenchuk - Dnipro 137 162 185 208; 156 173 178; 243 255 242 244
Dnipro - Kremenchuk 137 161 188 209; 156 173 178; 243 255 242 244
Dnipro - Kryvyi Rih 137 146; 144 157; 168 159 174 181
Kryvyi Rih - Dnipro 137 146 174; 144 170; 168 159 174 181
Kryvyi Rih - Zaporizhzhia 131 209 276; 166 167 172; 185 184 182 193
Zaporizhzhia - Kryvyi Rih 131 210; 165 167 180; 185 184 182 193
Zaporizhzhia - Nova Kakhovka 180 251 231; 222; 239 247 252 242
Nova Kakhovka - Zaporizhzhia 180 250 231; 223; 239 247 252 242
Mykolaiv - Kryvyi Rih 148 176 190; 174; 209 203 212 204
Kryvyi Rih - Mykolaiv 148 176 190; 174; 209 203 212 204
Kryvyi Rih - Nova Kakhovka 129 174 190; 144 161 167; 213 222 219 226
Nova Kakhovka - Kryvyi Rih 129 174 190; 144 161 167; 213 222 219 226
Bila Tserkva - Vinnytsia 136 184 162 174; 161 167; 191 188
Vinnytsia - Bila Tserkva 136 163 185 174; 161 167; 191 188
Kyiv - Poltava 304 343 407; 345 343 374; 333 328 331 346 340 325 322
Poltava - Kyiv 304 342 409; 344 345 355; 333 328 331 346 340 325 322
Kremenchuk - Uman 236 308 304 330; 282 324 350; 389
Uman - Kremenchuk 236 309 305 331; 282 324 350; 389
Uman - Bila Tserkva 117 129 166; 135 152; 314
Bila Tserkva - Uman 117 128; 135 152; 314
Bila Tserkva - Sumy 354 442 452 476; 409 431; 447 452
Sumy - Bila Tserkva 354 447 452 475; 409 431; 447 452
Kharkiv - Dnipro 191 217; 218; 237 233 229 239 235
Dnipro - Kharkiv 191 218; 218 225 262; 237 233 229 239 235
Dnipro - Yuzhnoukrainsk 296 434 403 386; 340 352 357; 387 399 386 388
Yuzhnoukrainsk - Dnipro 296 435 403 381; 340 352 357; 387 399 386 388
Yuzhnoukrainsk - Mykolaiv 112 122; 120; 195 204
Mykolaiv - Yuzhnoukrainsk 112 121; 120; 195 204
Mykolaiv - Nova Kakhovka 107 139 153; 134 139 143; 126 135
Nova Kakhovka - Mykolaiv 107 141 153; 134; 126 135
Bila Tserkva - Kremenchuk 251 302 321 310; 296 365; 365
Kremenchuk - Bila Tserkva 251 303 310 335; 296 365; 365
Kremenchuk - Chernihiv 310 388; 362 373 371; 392 396
Chernihiv - Kremenchuk 310 390; 362 373 371; 392 396
Chernihiv - Vinnytsia 322 412 392; 379 385 386; 429 433
Vinnytsia - Chernihiv 322 410 402 494; 379 383 386; 429 433
Vinnytsia - Odessa 349 425 441 493; 388 387 403; 432 437 442 428 430
Odessa - Vinnytsia 349 425 430 493; 388 387 403; 432 437 442 428 430
Odessa - Mykolaiv 111 136 132; 130; 232 213 208 228 234 223 217 225 236 227 235
Mykolaiv - Odessa 111 132; 130; 232 213 208 228 234 223 217 225 236 227 235
Sumy - Poltava 148 177 175 224; 173 174 175; 299 294
Poltava - Sumy 148 174 177 247; 173 175; 299 294
Poltava - Uman 329 424 416 420; 394 403 431; 510 508
Uman - Poltava 329 419 417; 394 393 403; 510 508
Poltava - Dnipro 130 196 184 160; 153 185 194; 227 229 243 245
Dnipro - Poltava 130 199 186 161; 153 185 194; 227 229 243 245
Nova Kakhovka - Kremenchuk 258 338 347 400; 292; 420
Kremenchuk - Nova Kakhovka 258 337 347 401; 292 392 315; 420