boulders 1; BouldersCount = 2
   27   24   35   76   36    3
TOWER 1:
    0    0    0
   36    3   76
MY RESULT = 76;		 REQUIRED RESULT = 76 time: 0 sec.
--------------------------------------------------------------
boulders 2; BouldersCount = 3
   28   33   45   80   53   23   38   90   45
TOWER 1:
   28   33   45
   45   38   90
   80   53   23
MY RESULT = 158;		 REQUIRED RESULT = 158 time: 0 sec.
--------------------------------------------------------------
boulders 3; BouldersCount = 2
 7523 5649 1723 8129 7021 4818
TOWER 1:
 5649 1723 7523
 7021 4818 8129
MY RESULT = 15652;		 REQUIRED RESULT = 15652 time: 0 sec.
--------------------------------------------------------------
boulders 4; BouldersCount = 3
 9935 2865 4929 1182 8173 2794 5957 6204 3829
TOWER 1:
 2794 1182 8173
 2865 4929 9935
 3829 5957 6204
MY RESULT = 24312;		 REQUIRED RESULT = 24312 time: 0 sec.
--------------------------------------------------------------
boulders 5; BouldersCount = 4
 2830  442 7873  705 9717 7763 6788 9112 2762 8549 2756 4729
TOWER 1:
 2830  442 7873
 7763  705 9717
 8549 2756 4729
 9112 2762 6788
MY RESULT = 29107;		 REQUIRED RESULT = 29107 time: 0 sec.
--------------------------------------------------------------
boulders 6; BouldersCount = 5
 9356 4345 8789 8351 7623 1447 7727  647 7622 1721  932 1066 5564 5413 7661
TOWER 1:
    0    0    0
  647 7622 7727
 1447 7623 8351
 5413 7661 5564
 8789 9356 4345
MY RESULT = 25987;		 REQUIRED RESULT = 25987 time: 0 sec.
--------------------------------------------------------------
boulders 7; BouldersCount = 6
 4338 3007 7330 7787 2158 1035 3635 3299 3037 1520 7229 7561 1819 4799 2186 4440 3164 8861
TOWER 1:
    0    0    0
 2158 1035 7787
 2186 1819 4799
 4338 3007 7330
 4440 3164 8861
 7229 7561 1520
MY RESULT = 30297;		 REQUIRED RESULT = 30297 time: 0 sec.
--------------------------------------------------------------
boulders 8; BouldersCount = 7
 8538 3791  540 2416 2185 4928 7524 8147 7989 3754 6218 2236 9895 9254 1843 9923 5405 2433 8018 2912 5668
TOWER 1:
 3791  540 8538
 4928 2185 2416
 5405 2433 9923
 5668 2912 8018
 6218 3754 2236
 7989 7524 8147
 9895 9254 1843
MY RESULT = 41121;		 REQUIRED RESULT = 41121 time: 0 sec.
--------------------------------------------------------------
boulders 9; BouldersCount = 8
 7442 2610 8872 4770  849 7401 4268 5787 4035 5001 5393 5182 1236 7035 9004 8145 2736 1604  870 4861 5748 1107 5158  433
TOWER 1:
    0    0    0
    0    0    0
  433 1107 5158
  849 4770 7401
  870 4861 5748
 1236 7035 9004
 2610 7442 8872
 2736 8145 1604
MY RESULT = 37787;		 REQUIRED RESULT = 37787 time: 0 sec.
--------------------------------------------------------------
boulders 10; BouldersCount = 9
 1768 6389 2428 2773 3468 8990 2559 1963 6520 6764 5274 8065 2122 8186 9130 2882 3987 6411 3755 9378 7509 1201 7487 1905 7552 1392 4597
TOWER 1:
 1905 1201 7487
 2428 1768 6389
 2559 1963 6520
 2773 3468 8990
 2882 3987 6411
 3755 7509 9378
 4597 7552 1392
 5274 8065 6764
 8186 9130 2122
MY RESULT = 55453;		 REQUIRED RESULT = 55453 time: 0 sec.
--------------------------------------------------------------
boulders 11; BouldersCount = 10
 6967 1920 3197 1351 6732 1974 2526 1104 6888 5719 2494 9527  789  722    2 4758 5928 6932 2390  826 7094 7203 3715 6801 6924 7692 5048 6662 4446 7600
TOWER 1:
    0    0    0
  722    2  789
 2390  826 7094
 2526 1104 6888
 3197 1920 6967
 5719 2494 9527
 6801 3715 7203
 6924 5048 7692
 6932 5928 4758
 7600 6662 4446
MY RESULT = 55364;		 REQUIRED RESULT = 55364 time: 0 sec.
--------------------------------------------------------------
boulders 12; BouldersCount = 11
 6957 3404 3093 7424 8498 8587 8980 1323 4246 8516    7 6588 9590 7395 2822 9677 8008 7988 1234 7642 5363 4329 4302 9335 4519 4922 3775 7690 5774 3658   20 9367 8380
TOWER 1:
    0    0    0
    0    0    0
    0    0    0
    0    0    0
 1323 4246 8980
 4329 4302 9335
 4519 4922 3775
 7642 5363 1234
 7690 5774 3658
 8008 7988 9677
 8498 8587 7424
MY RESULT = 44083;		 REQUIRED RESULT = 44083 time: 0 sec.
--------------------------------------------------------------
boulders 13; BouldersCount = 12
 2336 5126 5228 5158  273  896   12 6221  790 3552 2252 2972 9817 3310 6793 9351 5574 9814 5623 3075 4182 2233 6561 1271 1650  804 3076 4175 9343 3407 4605 5461 7119 3929 7008 5753
TOWER 1:
    0    0    0
  790   12 6221
  896  273 5158
 1650  804 3076
 2233 1271 6561
 2252 2972 3552
 2336 5126 5228
 3075 5623 4182
 3310 6793 9817
 3929 7008 5753
 4605 7119 5461
 5574 9351 9814
MY RESULT = 64823;		 REQUIRED RESULT = 64823 time: 1 sec.
--------------------------------------------------------------
boulders 14; BouldersCount = 13
 7869 2851 5134 3502 1058 6915 3337 7085  391 4475  425 5221 8778 3749 2618 7209 3565 5179 3608 3056 8817 7483 7233 5137 2257  815 7450 6908 9504 4094 7832 2263  551 4798 8117 1816 7819 6321 9000
TOWER 1:
    0    0    0
    0    0    0
    0    0    0
    0    0    0
    0    0    0
 2263  551 7832
 3502 1058 6915
 3749 2618 8778
 5134 2851 7869
 5179 3565 7209
 6908 4094 9504
 7233 5137 7483
 7819 6321 9000
MY RESULT = 64590;		 REQUIRED RESULT = 64590 time: 0 sec.
--------------------------------------------------------------
boulders 15; BouldersCount = 14
 2793 4103 9812  400 3536 3414 6707 8822 5342 9960 6414 9352 6707  250 8525 6681 6710  835 6908  297   32 2180 5674 7221 1259 8631 7301 2258 9198 6341 5578 6991 1313  389 3284 6346 3057 8703 6110 3376 3174 7084
TOWER 1:
    0    0    0
    0    0    0
    0    0    0
    0    0    0
    0    0    0
  297   32 6908
  389 3284 6346
  400 3414 3536
 1313 5578 6991
 2180 5674 7221
 2258 6341 9198
 3057 8703 6110
 5342 8822 6707
 6414 9352 9960
MY RESULT = 62977;		 REQUIRED RESULT = 62977 time: 1 sec.
--------------------------------------------------------------
boulders 16; BouldersCount = 15
 3436 2383 1717 8126 4920 3615 2439 1979 9406 4698 4075 7198 3395 6958 9639 7768 8362 8006 1250 1350 3182 2071 3827 1881 7335 5200 7165 1270 6779 2779 5878 1437 3034 8452 6387 8498 2602 4895 3820 6665 4914 1974  481 7962 2743
TOWER 1:
    0    0    0
    0    0    0
    0    0    0
    0    0    0
 2743  481 7962
 2779 1270 6779
 3034 1437 5878
 3436 1717 2383
 3827 1881 2071
 4914 1974 6665
 6958 3395 9639
 7198 4075 4698
 7335 5200 7165
 8006 7768 8362
 8498 8452 6387
MY RESULT = 67989;		 REQUIRED RESULT = 67989 time: 3 sec.
--------------------------------------------------------------
boulders 17; BouldersCount = 16
 7603 7257 5137 6133 1633 4106 5733 3957 8694 5361 6603 8795 6866 2203 1595 5583 8946 6763 4356 6786 1518 7925  679 5118 9234 3511 4751 8393 2455 1213 1123 9706 1629 4919 9452 8168  244 6828 9618  976 5404 8203 1191 9757 8912 7442 4433 1386
TOWER 1:
    0    0    0
    0    0    0
    0    0    0
    0    0    0
    0    0    0
 1629 1123 9706
 2455 1213 8393
 4433 1386 7442
 4751 3511 9234
 5733 3957 8694
 6133 4106 1633
 6603 5361 8795
 6763 5583 8946
 7603 7257 5137
 9452 8168 4919
 9757 8912 1191
MY RESULT = 74090;		 REQUIRED RESULT = 74090 time: 2 sec.
--------------------------------------------------------------
boulders 18; BouldersCount = 17
 1816  693 1572 7811 3467 4111 6216 1262 3896 8670 8078 7514  318 8803 8305  982 2404 1192 1124 6290 3391 4629 9630 2623 9761 6599 5537 6984 8447 7452 7568 3766 5906 2141 1013 4100 4463 8460 5478 1914 1293 8003 2876 3171 3343 7576 4637 4678 4487 9483  665
TOWER 1:
    0    0    0
    0    0    0
    0    0    0
    0    0    0
    0    0    0
    0    0    0
 1192  982 2404
 2141 1013 4100
 3391 1124 6290
 3896 1262 6216
 4629 2623 9630
 5478 4463 8460
 6599 5537 9761
 7568 5906 3766
 8447 6984 7452
 8670 7514 8078
 8803 8305  318
MY RESULT = 66475;		 REQUIRED RESULT = 66475 time: 3 sec.
--------------------------------------------------------------
boulders 19; BouldersCount = 18
 3075 4157 7213 6095 1183 1751  726  685 5692 5153 3933  331 8624 4537 7058 8494 7909 7083 1783 2380  388 9638  927 7887 8528 1521 4353 3811 8957 2660 4404 3919 5021 6832  371 2243 9134 8581   54 4325 1560 4119  602 2737 5582 8729 1370 8661 5282 7126 5286 4820 5744 9656
TOWER 1:
    0    0    0
    0    0    0
    0    0    0
    0    0    0
    0    0    0
    0    0    0
    0    0    0
  371 2243 6832
  388 2380 1783
  602 2737 5582
 2660 3811 8957
 3075 4157 7213
 4119 4325 1560
 5021 4404 3919
 5744 4820 9656
 7126 5282 5286
 7909 7083 8494
 8661 8729 1370
MY RESULT = 60652;		 REQUIRED RESULT = 60652 time: 3 sec.
--------------------------------------------------------------
boulders 20; BouldersCount = 19
 7680 2872   51 6628 5542 4174 5162 5861 7112 7129 1146 5809 7827 8569 7012 6096 8959 1748 2846 6479 5992 4505 8514  232 1728 7893 2773 1965 9920 2753 6535 6827 8663 3066 5021 3140 2375 2322 3639 7226 8952 1082 2690 9337 1797  413   26 9790 7752  893  507 8089 9726 1673 9765 1900 1864
TOWER 1:
    0    0    0
    0    0    0
    0    0    0
    0    0    0
    0    0    0
    0    0    0
  413   26 9790
  893  507 7752
 1900 1864 9765
 2753 1965 9920
 3639 2322 2375
 5021 3066 3140
 5542 4174 6628
 5861 5162 7112
 6479 5992 2846
 6535 6827 8663
 7012 7827 8569
 7226 8952 1082
 8089 9726 1673
MY RESULT = 79315;		 REQUIRED RESULT = 79315 time: 3 sec.
--------------------------------------------------------------
boulders 21; BouldersCount = 20
 1442 7655 3364  565 5067 8531 6002 6350 9042 6845 4446 9342 9454 2468 3721 8628 8439 8051 9748 8680 4526 2341 3176 3745 7004 2579 7019 5964 2135 2988 6401 1549 8917 1459  331  337 2096 3930 4561 5459 6806  623 3799  517 2286 1256 2568 9145 2059 7945 9838 1011 5730 6287 8503 5930 9421 7319 7161   79
TOWER 1:
    0    0    0
    0    0    0
    0    0    0
    0    0    0
    0    0    0
    0    0    0
    0    0    0
    0    0    0
    0    0    0
  331  337 1459
  517 2286 3799
  565 5067 8531
  623 5459 6806
 1011 5730 6287
 1549 6401 8917
 2059 7945 9838
 4526 8680 9748
 6002 9042 6350
 6845 9342 4446
 8503 9421 5930
MY RESULT = 72111;		 REQUIRED RESULT = 72111 time: 7 sec.
--------------------------------------------------------------
boulders 22; BouldersCount = 20
  110 1522  279 3178  546 2131 1739 2082 1273 5946 6111  803 7958 5081 4251 5054 4323 3369 6398 5181 7576 2520 7913 6340 7961 6638 2303 6418 7080 1407 2340 3767 6563 3132 1244 6843 2426 1393 7310 5992 2321 9987 8782 4271 1414 7144 2212 6160 2961 5878  781 4946 9320 6995 2813 6992 8734 4267 9777 5743
TOWER 1:
    0    0    0
    0    0    0
    0    0    0
    0    0    0
    0    0    0
    0    0    0
    0    0    0
    0    0    0
    0    0    0
  279  110 1522
  546 2131 3178
  781 2961 5878
 1244 3132 6843
 1414 4271 8782
 2321 5992 9987
 2520 6340 7913
 2813 6992 8734
 4946 6995 9320
 5181 7576 6398
 5743 9777 4267
MY RESULT = 72822;		 REQUIRED RESULT = 72822 time: 9 sec.
--------------------------------------------------------------
boulders 23; BouldersCount = 20
 8617 8811  644 4470 3896 1202 4814 3069 5470 3702 1421 5224 8548 3308 2854 5455  452 6477 3713  952 3463 9788 5719 7471 9120 1350 5939 6677 5429 9642 9099 9901  341 4053 2527 7522 8590 6362 4215 1664 5577 9693  850 1499 8348 4435 1928 6894 4363  686 7909 7661 4533 4445 4951 4239 6065 1990 2222 1152
TOWER 1:
    0    0    0
    0    0    0
    0    0    0
    0    0    0
    0    0    0
    0    0    0
    0    0    0
  850 1499 8348
  952 3463 3713
 1421 3702 5224
 2527 4053 7522
 3896 4470 1202
 4445 4533 7661
 5470 4814 3069
 6065 4951 4239
 6677 5429 9642
 7471 5719 9788
 8590 6362 4215
 8617 8811  644
 9099 9901  341
MY RESULT = 65608;		 REQUIRED RESULT = 65608 time: 7 sec.
--------------------------------------------------------------
boulders 24; BouldersCount = 20
 8328 1668 4661 6817 2515 5887 5438  358 3828 8613 4457 5839 3554  664 1122 8659  967 9966 7877 1772 9193 5485 2397 4830  789 7668 4592 5237 9951 8417 1089 8366 8657 7767 3068 1878 7277 1521 1240 4380 1065 9493 8387 9613 8169 1827  683 5108 9073 4583 7100 9360 7325  660 9655 5171 1636 4128 2444 2452
TOWER 1:
    0    0    0
    0    0    0
    0    0    0
    0    0    0
    0    0    0
    0    0    0
  664 1122 3554
  683 1827 5108
 1065 4380 9493
 1636 5171 9655
 2397 5485 4830
 2515 5887 6817
 4583 7100 9073
 4592 7668  789
 4661 8328 1668
 5237 8417 9951
 5839 8613 4457
 7877 9193 1772
 8169 9613 8387
 8659 9966  967
MY RESULT = 76521;		 REQUIRED RESULT = 76521 time: 6 sec.
--------------------------------------------------------------
boulders 25; BouldersCount = 20
 4489 8575 3910 8041 7163 8315  641 2283 8058 5447 7604 7157  891 3322  702 5310 6950 1637 9761 3816 7291 3384 9543 7021 7074  466  297 8912 8249 3907 1860 2009 1091 5395 7945 9765 7092 1877 4313 7113 9483 4169 7846 8472 3418 2945 6999 4588 9812 1611  499 4824 9190 4167 3402 6203 8939 2966 3926 8764
TOWER 1:
    0    0    0
    0    0    0
    0    0    0
    0    0    0
  466  297 7074
 1611  499 9812
 2283  641 8058
 3322  702  891
 4313 1877 7092
 4588 2945 6999
 6203 3402 8939
 7846 3418 8472
 8249 3907 8912
 8575 3910 4489
 8764 3926 2966
 9190 4167 4824
 9483 4169 7113
 9543 7021 3384
 9761 7291 3816
 9765 7945 5395
MY RESULT = 98236;		 REQUIRED RESULT = 98236 time: 11 sec.
--------------------------------------------------------------
boulders 26; BouldersCount = 20
 7283 2732 8689 9486 9192 2810 4181 5122 8874 2202 7038 3371 7952 1309  689 7845 8904 1730  608 2012  781 3141  135 5221 7613 4044 8226 2891 3819  378 7915 3067 9381 1842 1038 9273 6026 7175  524 7111  413 9193 7996 7987 9206  452 5886 2729 6176 7953 5470 1967 6988 5805 6626 2185 9564 1262 8982 6921
TOWER 1:
    0    0    0
    0    0    0
    0    0    0
    0    0    0
    0    0    0
    0    0    0
    0    0    0
  781  608 2012
 1309  689 7952
 1842 1038 9273
 5805 1967 6988
 6626 2185 9564
 7038 2202 3371
 7283 2732 8689
 7915 3067 9381
 8226 4044 7613
 8874 4181 5122
 8904 7845 1730
 9206 7987 7996
 9486 9192 2810
MY RESULT = 82501;		 REQUIRED RESULT = 82501 time: 6 sec.
--------------------------------------------------------------
boulders 27; BouldersCount = 20
 8308 7870 1948 4972 7630 8760 9645 6428 8826 3034 9044 1408 3421 4367 9020 5494 7761 7933 2563 2830 5687 4491 1158 4718 6819 5640 8795 9901 6863 2615 5857 2730 1017 6514 4471 9020 1793 8337 2955  902 3223 6088 7426 2575 2418 8690 8305 4435 9635 7252 6377 3663 7630 7786 1225 7375 3337 3587 5147 3510
TOWER 1:
    0    0    0
    0    0    0
    0    0    0
    0    0    0
    0    0    0
    0    0    0
    0    0    0
    0    0    0
 2730 1017 5857
 3034 1408 9044
 5687 2563 2830
 6863 2615 9901
 7375 3337 1225
 7630 3663 7786
 7630 4972 8760
 7761 5494 7933
 8795 5640 6819
 8826 6428 9645
 9020 6514 4471
 9635 7252 6377
MY RESULT = 80648;		 REQUIRED RESULT = 80648 time: 6 sec.
--------------------------------------------------------------
boulders 28; BouldersCount = 20
 5419 3022 8747  315 4482 1258 5718 3427 7724 2645 1286 1913 6055 8871 2359 2821 6608 9362 6668 8168   62 3898 3855 8890 6051 1091 7589  403 8279 6708 1320 1005 1091 4211 6118 1848 8758 1610 6303 5534 2557 6329 9127 7152 9796 6435 1911 7847 4989  793 6509 5318  445 6990 3751 1312  116 6410 8464 4252
TOWER 1:
    0    0    0
    0    0    0
    0    0    0
    0    0    0
    0    0    0
    0    0    0
    0    0    0
    0    0    0
 1312  116 3751
 4482  315 1258
 5318  445 6990
 6051 1091 7589
 6303 1610 8758
 6435 1911 7847
 6608 2821 9362
 7724 3427 5718
 8464 4252 6410
 8747 5419 3022
 8871 6055 2359
 9127 7152 9796
MY RESULT = 72860;		 REQUIRED RESULT = 72860 time: 7 sec.
--------------------------------------------------------------
boulders 29; BouldersCount = 20
 2322 9397 4681 6556 6697 3449 4783 2718  763 7522 2816  913 1290 7849 4991 3205 3592 5034 6924 7935 2447 5158 8195 3589  109 4757  412 9895 8121 2873 3017 1988 1702 4137  638 5248 5508 5295 7368 6298   24  150  467  471 1726 2414  691 6248 2222 3001  630 8380 7373 5237 5359   57 2322 9255 4816 6064
TOWER 1:
    0    0    0
    0    0    0
    0    0    0
   24  150 6298
  109  412 4757
  467  471 1726
  630 2222 3001
  691 2414 6248
  763 2718 4783
  913 2816 7522
 1702 3017 1988
 2322 4681 9397
 3205 5034 3592
 3589 5158 8195
 4137 5248  638
 4816 6064 9255
 5295 7368 5508
 6924 7935 2447
 7373 8380 5237
 8121 9895 2873
MY RESULT = 83465;		 REQUIRED RESULT = 83465 time: 12 sec.
--------------------------------------------------------------
boulders 30; BouldersCount = 20
 4338 2892  963  929 5693 9670 6899 7117 2478  671 4365 4381 9284 7559 4005 9175 8129 9360 6365 8472 3507 6910  738 9394 1812 9854  434 7185  237 2935 6170 3942 9418 8365 5331 3173 6399 7060 9807 5759 3070 4402 8458  322 1621 3838 5488 5757 9873 8251 4915 5178 4461  412 8531 1050  516 8408 2692 8718
TOWER 1:
    0    0    0
    0    0    0
    0    0    0
    0    0    0
    0    0    0
    0    0    0
    0    0    0
    0    0    0
  322 1621 8458
  434 1812 9854
  671 4365 4381
 3070 4402 5759
 3173 5331 8365
 3838 5488 5757
 3942 6170 9418
 4005 7559 9284
 4915 8251 9873
 6365 8472 3507
 8408 8718 2692
 9360 9175 8129
MY RESULT = 85477;		 REQUIRED RESULT = 85477 time: 6 sec.
--------------------------------------------------------------
boulders 31; BouldersCount = 20
 4773  295 5074 5771  905 2164 7780 3926 3358 8385 2285 1992 6401 8900 5327 7665 8771 6451 5287  517 4350 9888 2534 3259 5929 6055 3842 2140 9464  861 1867  875 7542  754 2225 6739 6688 6019 9142 9893 2541 5663 7132 1928 3394 5895 8735 6498  613 7023 9041 9635 8515 7078 8839 8730 1664 1335  839 2688
TOWER 1:
    0    0    0
    0    0    0
    0    0    0
    0    0    0
    0    0    0
    0    0    0
    0    0    0
 1335  839 2688
 2140  861 9464
 2164  905 5771
 2285 1992 8385
 2534 3259 9888
 2541 5663 9893
 3842 5929 6055
 5327 6401 8900
 5895 6498 8735
 6019 6688 9142
 6451 7665 8771
 7078 8515 9635
 8839 8730 1664
MY RESULT = 98991;		 REQUIRED RESULT = 98991 time: 6 sec.
--------------------------------------------------------------
